10 11 12 13 14 15 16 17 18 19 20 20 20 20 20 20 21 22 23 24 25 
10 11 12 13 14 15 16 17 18 19 20 20 20 20 20 20 21 22 23 24 25 
8 9 10 11 12 13 14 15 16 17 18 19 20 20 20 20 20 20 21 22 23   
8 9 10 11 12 13 14 15 16 17 18 19 20 20 20 20 20 20 21 22 23   
6 7 8 9 10 11 12 13 14 15 16 17 18 19 20 20 20 20 20 20 21
6 7 8 9 10 11 12 13 14 15 16 17 18 19 20 20 20 20 20 20 21
4 5 6 7 8 9 10 11 12 13 14 15 16 17 18 19 20 20 20 20 20
4 5 6 7 8 9 10 11 12 13 14 15 16 17 18 19 20 20 20 20 20
2 3 4 5 6 7 8 9 10 11 12 13 14 15 16 17 18 19 20 20 20
2 3 4 5 6 7 8 9 10 11 12 13 14 15 16 17 18 19 20 20 20 
0 1 2 3 4 5 6 7 8 9 10 11 12 13 14 15 16 17 18 19 20 20 20 
0 1 2 3 4 5 6 7 8 9 10 11 12 13 14 15 16 17 18 19 20 20 20 
-2 -1 0 1 2 3 4 5 6 7 8 9 10 11 12 13 14 15 16 17 18 19 20 20 20 
-2 -1 0 1 2 3 4 5 6 7 8 9 10 11 12 13 14 15 16 17 18 19 20 20 20 


"""
10 0
9 1
8 2
7 3
6 4
5 5
4 6
3 7
2 8
1 9
0 10 
-1 11
-2 12
-3 13
-4 14
